image_width: 1440
image_height: 1080
camera_name: narrow_stereo
camera_matrix:
  rows: 3
  cols: 3
  data: [1809.325185, 0.000000, 751.943618,
          0.000000, 1808.936180, 576.526076,
          0.000000, 0.000000, 1.000000]
distortion_model: plumb_bob
distortion_coefficients:
  rows: 1
  cols: 5
  data: [-0.101810, 0.069597, -0.002220, -0.004087, 0.000000]
rectification_matrix:
  rows: 3
  cols: 3
  data: [1.000000, 0.000000, 0.000000,
          0.000000, 1.000000, 0.000000,
          0.000000, 0.000000, 1.000000]
projection_matrix:
  rows: 3
  cols: 4
  data: [1782.142212, 0.000000, 748.569548, 0.000000,
          0.000000, 1792.135254, 575.488593, 0.000000,
          0.000000, 0.000000, 1.000000, 0.000000]