image_width: 1440
image_height: 1080
camera_name: narrow_stereo
camera_matrix:
  rows: 3
  cols: 3
  data: [1767.442554, 0.000000, 722.573999,
        0.000000, 1763.969712, 554.760312,
        0.000000, 0.000000, 1.000000]
distortion_model: plumb_bob
distortion_coefficients:
  rows: 1
  cols: 5
  data: [-0.083306, 0.069195, -0.002122, -0.003539, 0.000000]
rectification_matrix:
  rows: 3
  cols: 3
  data: [1.000000, 0.000000, 0.000000,
          0.000000, 1.000000, 0.000000,
          0.000000, 0.000000, 1.000000]
projection_matrix:
  rows: 3
  cols: 4
  data: [1744.768433, 0.000000, 718.869918, 0.000000,
          0.000000, 1749.706421, 553.350542, 0.000000,
          0.000000, 0.000000, 1.000000, 0.000000]